--------------------------------	
CMIP6 CO2 Global Means
Averages of monthly data from Meinshausen
mole_fraction_of_carbon_dioxide_in_air
HDG 21 Jun 2018	
--------------------------------
1850.5	284.31699
1851.5	284.45102
1852.5	284.59802
1853.5	284.73099
1854.5	284.84598
1855.5	284.94098
1856.5	285.04901
1857.5	285.20401
1858.5	285.36899
1859.5	285.54498
1860.5	285.73898
1861.5	285.93298
1862.5	286.10001
1863.5	286.27100
1864.5	286.44202
1865.5	286.61398
1866.5	286.78098
1867.5	286.95499
1868.5	287.10501
1869.5	287.22501
1870.5	287.35498
1871.5	287.49402
1872.5	287.66400
1873.5	287.85999
1874.5	288.06100
1875.5	288.29099
1876.5	288.52002
1877.5	288.75198
1878.5	288.99301
1879.5	289.22098
1880.5	289.47000
1881.5	289.73700
1882.5	290.01901
1883.5	290.26303
1884.5	290.51199
1885.5	290.79697
1886.5	291.10001
1887.5	291.41397
1888.5	291.76300
1889.5	292.11301
1890.5	292.45798
1891.5	292.81598
1892.5	293.16696
1893.5	293.47699
1894.5	293.79099
1895.5	294.07901
1896.5	294.36502
1897.5	294.64600
1898.5	294.95401
1899.5	295.30002
1900.5	295.67499
1901.5	296.00699
1902.5	296.32501
1903.5	296.65399
1904.5	296.95398
1905.5	297.28900
1906.5	297.66202
1907.5	298.09799
1908.5	298.51797
1909.5	298.93600
1910.5	299.37698
1911.5	299.82898
1912.5	300.35300
1913.5	300.91000
1914.5	301.41898
1915.5	301.93698
1916.5	302.48495
1917.5	303.01102
1918.5	303.44901
1919.5	303.81403
1920.5	304.24600
1921.5	304.60001
1922.5	304.94501
1923.5	305.27097
1924.5	305.63000
1925.5	305.81299
1926.5	305.95401
1927.5	306.17700
1928.5	306.32898
1929.5	306.49500
1930.5	306.61996
1931.5	306.82199
1932.5	307.09299
1933.5	307.40201
1934.5	307.78500
1935.5	308.22702
1936.5	309.01199
1937.5	309.76398
1938.5	310.29398
1939.5	310.85095
1940.5	311.35696
1941.5	311.81097
1942.5	312.17200
1943.5	312.38998
1944.5	312.41299
1945.5	312.38498
1946.5	312.38995
1947.5	312.48596
1948.5	312.52097
1949.5	312.63193
1950.5	312.82095
1951.5	313.01398
1952.5	313.34198
1953.5	313.72995
1954.5	314.09494
1955.5	314.41495
1956.5	314.69797
1957.5	314.99197
1958.5	315.34497
1959.5	315.80698
1960.5	316.62500
1961.5	317.29898
1962.5	318.04398
1963.5	318.64996
1964.5	319.33298
1965.5	319.81595
1966.5	320.87991
1967.5	321.47995
1968.5	322.38895
1969.5	323.25095
1970.5	324.78299
1971.5	325.39993
1972.5	327.34897
1973.5	329.90894
1974.5	330.75595
1975.5	330.82693
1976.5	331.54495
1977.5	333.35294
1978.5	335.00995
1979.5	336.60495
1980.5	338.70493
1981.5	340.05893
1982.5	340.64395
1983.5	342.26596
1984.5	344.00793
1985.5	345.45895
1986.5	346.90295
1987.5	348.77493
1988.5	351.27591
1989.5	352.89392
1990.5	354.07297
1991.5	355.35294
1992.5	356.22891
1993.5	356.92493
1994.5	358.25400
1995.5	360.23892
1996.5	362.00497
1997.5	363.25195
1998.5	365.93295
1999.5	367.84497
2000.5	369.12497
2001.5	370.67297
2002.5	372.83499
2003.5	375.41098
2004.5	376.98703
2005.5	378.90707
2006.5	381.01001
2007.5	382.60300
2008.5	384.73904
2009.5	386.28000
2010.5	388.71704
2011.5	390.94406
2012.5	393.01599
2013.5	395.72501
2014.5	397.54700
2015.5	399.9491577
2016.5	403.1169739
2017.5	405.7519531
2018.5	408.5919495
2019.5	411.4169617
2020.5	414.2319641
2021.5	417.0419617
2022.5	419.80896
2023.5	422.4989624
2024.5	425.1199646
2025.5	427.6739502
2026.5	430.1659546
2027.5	432.5979614
2028.5	434.9739685
2029.5	437.2949524
2030.5	439.5639648
2031.5	441.7809753
2032.5	443.9289551
2033.5	445.9899597
2034.5	447.9689636
2035.5	449.8659668
2036.5	451.684967
2037.5	453.4259644
2038.5	455.09198
2039.5	456.68396
2040.5	458.2009583
2041.5	459.6469727
2042.5	461.0189819
2043.5	462.3149719
2044.5	463.5359802
2045.5	464.6829834
2046.5	465.7549744
2047.5	466.7529907
2048.5	467.6779785
2049.5	468.5299683
2050.5	469.309967
2051.5	470.0189819
2052.5	470.6629944
2053.5	471.2499695
2054.5	471.7789917
2055.5	472.2509766
2056.5	472.664978
2057.5	473.0219727
2058.5	473.321991
2059.5	473.5639954
2060.5	473.75
2061.5	473.8779907
2062.5	473.9589844
2063.5	473.9989929
2064.5	473.9989929
2065.5	473.9570007
2066.5	473.8729858
2067.5	473.7469788
2068.5	473.5780029
2069.5	473.3649902
2070.5	473.1099854
2071.5	472.8110046
2072.5	472.4580078
2073.5	472.0409851
2074.5	471.5610046
2075.5	471.0180054
2076.5	470.4140015
2077.5	469.7489929
2078.5	469.0220032
2079.5	468.2359924
2080.5	467.3900146
2081.5	466.4840088
2082.5	465.5360107
2083.5	464.5610046
2084.5	463.5580139
2085.5	462.5270081
2086.5	461.4660034
2087.5	460.375
2088.5	459.2550049
2089.5	458.1040039
2090.5	456.9240112
2091.5	455.7130127
2092.5	454.5020142
2093.5	453.3190002
2094.5	452.1600037
2095.5	451.0240173
2096.5	449.9089966
2097.5	448.8120117
2098.5	447.7340088
2099.5	446.6719971
2100.5	445.625
2101.5	444.5920105
2102.5	443.5780029
2103.5	442.5859985
2104.5	441.6140137
2105.5	440.6620178
2106.5	439.7290039
2107.5	438.8130188
2108.5	437.9140015
2109.5	437.0310059
2110.5	436.1629944
2111.5	435.3110046
2112.5	434.4729919
2113.5	433.6499939
2114.5	432.8399963
2115.5	432.0440063
2116.5	431.2610168
2117.5	430.4909973
2118.5	429.7340088
2119.5	428.9880066
2120.5	428.2539978
2121.5	427.5320129
2122.5	426.8210144
2123.5	426.1199951
2124.5	425.4309998
2125.5	424.7510071
2126.5	424.0820007
2127.5	423.4230042
2128.5	422.7740173
2129.5	422.1340027
2130.5	421.5039978
2131.5	420.882019
2132.5	420.2700195
2133.5	419.6669922
2134.5	419.071991
2135.5	418.4850159
2136.5	417.9070129
2137.5	417.3370056
2138.5	416.7749939
2139.5	416.2210083
2140.5	415.6750183
2141.5	415.1360168
2142.5	414.6119995
2143.5	414.1080017
2144.5	413.625
2145.5	413.1610107
2146.5	412.7149963
2147.5	412.2879944
2148.5	411.8779907
2149.5	411.4850159
2150.5	411.1090088
2151.5	410.7489929
2152.5	410.4020081
2153.5	410.0630188
2154.5	409.7340088
2155.5	409.4129944
2156.5	409.1019897
2157.5	408.7990112
2158.5	408.506012
2159.5	408.2210083
2160.5	407.9450073
2161.5	407.6790161
2162.5	407.4200134
2163.5	407.17099
2164.5	406.9309998
2165.5	406.6990051
2166.5	406.4750061
2167.5	406.2600098
2168.5	406.0540161
2169.5	405.8559875
2170.5	405.6669922
2171.5	405.4859924
2172.5	405.3129883
2173.5	405.1489868
2174.5	404.9930115
2175.5	404.8439941
2176.5	404.70401
2177.5	404.572998
2178.5	404.4490051
2179.5	404.3330078
2180.5	404.2250061
2181.5	404.125
2182.5	404.0329895
2183.5	403.947998
2184.5	403.8710022
2185.5	403.802002
2186.5	403.7409973
2187.5	403.6870117
2188.5	403.6419983
2189.5	403.6040039
2190.5	403.5750122
2191.5	403.553009
2192.5	403.5320129
2193.5	403.5050049
2194.5	403.473999
2195.5	403.4379883
2196.5	403.3989868
2197.5	403.3559875
2198.5	403.3099976
2199.5	403.2619934
2200.5	403.2109985
2201.5	403.1579895
2202.5	403.1029968
2203.5	403.04599
2204.5	402.9880066
2205.5	402.928009
2206.5	402.8659973
2207.5	402.8039856
2208.5	402.7399902
2209.5	402.6759949
2210.5	402.6099854
2211.5	402.5440063
2212.5	402.4769897
2213.5	402.4089966
2214.5	402.3410034
2215.5	402.2720032
2216.5	402.2019958
2217.5	402.1319885
2218.5	402.0620117
2219.5	401.9909973
2220.5	401.9200134
2221.5	401.8479919
2222.5	401.776001
2223.5	401.70401
2224.5	401.6319885
2225.5	401.5589905
2226.5	401.4859924
2227.5	401.4129944
2228.5	401.3399963
2229.5	401.2669983
2230.5	401.1929932
2231.5	401.1199951
2232.5	401.04599
2233.5	400.9719849
2234.5	400.8980103
2235.5	400.8250122
2236.5	400.7510071
2237.5	400.677002
2238.5	400.6029968
2239.5	400.5289917
2240.5	400.45401
2241.5	400.3800049
2242.5	400.3059998
2243.5	400.2319946
2244.5	400.1579895
2245.5	400.0840149
2246.5	400.0100098
2247.5	399.9360046
2248.5	399.8619995
2249.5	399.7879944
2250.5	399.7139893
2251.5	399.6400146
2252.5	399.5660095
2253.5	399.4920044
2254.5	399.4179993
2255.5	399.3439941
2256.5	399.2690125
2257.5	399.1940002
2258.5	399.1180115
2259.5	399.0419922
2260.5	398.9660034
2261.5	398.8900146
2262.5	398.8129883
2263.5	398.7369995
2264.5	398.6600037
2265.5	398.5830078
2266.5	398.506012
2267.5	398.4289856
2268.5	398.3519897
2269.5	398.2749939
2270.5	398.197998
2271.5	398.1220093
2272.5	398.0450134
2273.5	397.9679871
2274.5	397.8919983
2275.5	397.8160095
2276.5	397.7390137
2277.5	397.6629944
2278.5	397.5870056
2279.5	397.5119934
2280.5	397.4360046
2281.5	397.3609924
2282.5	397.2850037
2283.5	397.2099915
2284.5	397.1350098
2285.5	397.0610046
2286.5	396.9859924
2287.5	396.9119873
2288.5	396.8380127
2289.5	396.7640076
2290.5	396.6900024
2291.5	396.6159973
2292.5	396.5429993
2293.5	396.4689941
2294.5	396.3959961
2295.5	396.322998
2296.5	396.2510071
2297.5	396.178009
2298.5	396.1059875
2299.5	396.0339966
2300.5	395.9620056
2301.5	395.8900146
2302.5	395.8179932
2303.5	395.7470093
2304.5	395.6759949
2305.5	395.6040039
2306.5	395.5329895
2307.5	395.4630127
2308.5	395.3919983
2309.5	395.321991
2310.5	395.2510071
2311.5	395.1809998
2312.5	395.1109924
2313.5	395.0419922
2314.5	394.9719849
2315.5	394.9020081
2316.5	394.8330078
2317.5	394.7640076
2318.5	394.6950073
2319.5	394.6260071
2320.5	394.5570068
2321.5	394.4890137
2322.5	394.4200134
2323.5	394.3519897
2324.5	394.2839966
2325.5	394.2160034
2326.5	394.1480103
2327.5	394.0799866
2328.5	394.0130005
2329.5	393.9450073
2330.5	393.8779907
2331.5	393.8099976
2332.5	393.7430115
2333.5	393.6759949
2334.5	393.6099854
2335.5	393.5429993
2336.5	393.4760132
2337.5	393.4100037
2338.5	393.3429871
2339.5	393.2770081
2340.5	393.2109985
2341.5	393.144989
2342.5	393.07901
2343.5	393.0130005
2344.5	392.946991
2345.5	392.881012
2346.5	392.8160095
2347.5	392.75
2348.5	392.6849976
2349.5	392.6199951
2350.5	392.5539856
2351.5	392.4890137
2352.5	392.4240112
2353.5	392.3590088
2354.5	392.2940063
2355.5	392.2290039
2356.5	392.1640015
2357.5	392.1000061
2358.5	392.0350037
2359.5	391.9700012
2360.5	391.9060059
2361.5	391.8410034
2362.5	391.7770081
2363.5	391.7120056
2364.5	391.6480103
2365.5	391.5840149
2366.5	391.519989
2367.5	391.4559937
2368.5	391.3930054
2369.5	391.32901
2370.5	391.2659912
2371.5	391.2030029
2372.5	391.1400146
2373.5	391.0780029
2374.5	391.0150146
2375.5	390.9530029
2376.5	390.8909912
2377.5	390.82901
2378.5	390.7669983
2379.5	390.7059937
2380.5	390.6440125
2381.5	390.5830078
2382.5	390.5220032
2383.5	390.4609985
2384.5	390.401001
2385.5	390.3399963
2386.5	390.2799988
2387.5	390.2189941
2388.5	390.1589966
2389.5	390.098999
2390.5	390.0400085
2391.5	389.980011
2392.5	389.92099
2393.5	389.8609924
2394.5	389.802002
2395.5	389.7430115
2396.5	389.6839905
2397.5	389.625
2398.5	389.5669861
2399.5	389.5079956
2400.5	389.4500122
2401.5	389.3919983
2402.5	389.3340149
2403.5	389.276001
2404.5	389.2179871
2405.5	389.1610107
2406.5	389.1029968
2407.5	389.04599
2408.5	388.9890137
2409.5	388.9320068
2410.5	388.875
2411.5	388.8179932
2412.5	388.7619934
2413.5	388.7049866
2414.5	388.6489868
2415.5	388.5929871
2416.5	388.5360107
2417.5	388.480011
2418.5	388.4249878
2419.5	388.368988
2420.5	388.3129883
2421.5	388.2579956
2422.5	388.2019958
2423.5	388.1470032
2424.5	388.0920105
2425.5	388.0369873
2426.5	387.9819946
2427.5	387.928009
2428.5	387.8729858
2429.5	387.8190002
2430.5	387.7640076
2431.5	387.7099915
2432.5	387.6560059
2433.5	387.6019897
2434.5	387.5480042
2435.5	387.493988
2436.5	387.4410095
2437.5	387.3869934
2438.5	387.3340149
2439.5	387.2799988
2440.5	387.2269897
2441.5	387.1740112
2442.5	387.1210022
2443.5	387.0679932
2444.5	387.0159912
2445.5	386.9630127
2446.5	386.9110107
2447.5	386.8580017
2448.5	386.8059998
2449.5	386.7539978
2450.5	386.7019958
2451.5	386.6499939
2452.5	386.5979919
2453.5	386.54599
2454.5	386.4949951
2455.5	386.4429932
2456.5	386.3919983
2457.5	386.3399963
2458.5	386.2890015
2459.5	386.2380066
2460.5	386.1870117
2461.5	386.1359863
2462.5	386.0859985
2463.5	386.0350037
2464.5	385.9840088
2465.5	385.9339905
2466.5	385.8840027
2467.5	385.8330078
2468.5	385.7829895
2469.5	385.7330017
2470.5	385.6830139
2471.5	385.6329956
2472.5	385.5840149
2473.5	385.5339966
2474.5	385.4840088
2475.5	385.4349976
2476.5	385.3859863
2477.5	385.3359985
2478.5	385.2869873
2479.5	385.2380066
2480.5	385.1889954
2481.5	385.1400146
2482.5	385.0920105
2483.5	385.0429993
2484.5	384.9949951
2485.5	384.9460144
2486.5	384.8980103
2487.5	384.848999
2488.5	384.8009949
2489.5	384.7529907
2490.5	384.7049866
2491.5	384.6570129
2492.5	384.6099854
2493.5	384.5620117
2494.5	384.5140076
2495.5	384.4670105
2496.5	384.4190063
2497.5	384.3720093
2498.5	384.3250122
2499.5	384.2779846
2500.5	384.2539978

