--------------------------------	
Land-atmosphere d13C fractionation	
Using CO2 from CMIP6-Meinshausen and SSP3-Baseline
	
frac is following schubert & jahren 2015, shifted 
to be -17 per mil in 1850
	
HDG 13 Nov 18
--------------------------------	
1850.50000000000	-17
1851.50000000000	-17.0025508246512
1852.50000000000	-17.0053466916778
1853.50000000000	-17.0078740951330
1854.50000000000	-17.0100585073580
1855.50000000000	-17.0118623121266
1856.50000000000	-17.0139125708475
1857.50000000000	-17.0168524863179
1858.50000000000	-17.0199794069298
1859.50000000000	-17.0233124064613
1860.50000000000	-17.0269833867684
1861.50000000000	-17.0306511172903
1862.50000000000	-17.0338063574336
1863.50000000000	-17.0370339138222
1864.50000000000	-17.0402595203950
1865.50000000000	-17.0435003221779
1866.50000000000	-17.0466452171852
1867.50000000000	-17.0499195787884
1868.50000000000	-17.0527404369746
1869.50000000000	-17.0549954366449
1870.50000000000	-17.0574364007541
1871.50000000000	-17.0600461112939
1872.50000000000	-17.0632343093905
1873.50000000000	-17.0669073031257
1874.50000000000	-17.0706709795565
1875.50000000000	-17.0749730604586
1876.50000000000	-17.0792527236197
1877.50000000000	-17.0835826070777
1878.50000000000	-17.0880769740152
1879.50000000000	-17.0923233027598
1880.50000000000	-17.0969567159350
1881.50000000000	-17.1019188768848
1882.50000000000	-17.1071534922513
1883.50000000000	-17.1116775615071
1884.50000000000	-17.1162880791674
1885.50000000000	-17.1215592963816
1886.50000000000	-17.1271571331721
1887.50000000000	-17.1329486236601
1888.50000000000	-17.1393774245319
1889.50000000000	-17.1458141367335
1890.50000000000	-17.1521482509510
1891.50000000000	-17.1587112335179
1892.50000000000	-17.1651352837659
1893.50000000000	-17.1708014054552
1894.50000000000	-17.1765320562677
1895.50000000000	-17.1817814711561
1896.50000000000	-17.1869875536779
1897.50000000000	-17.1920955904512
1898.50000000000	-17.1976876423463
1899.50000000000	-17.2039604224283
1900.50000000000	-17.2107472762301
1901.50000000000	-17.2167469097822
1902.50000000000	-17.2224855822563
1903.50000000000	-17.2284134738479
1904.50000000000	-17.2338114275600
1905.50000000000	-17.2398311899001
1906.50000000000	-17.2465232046203
1907.50000000000	-17.2543305016639
1908.50000000000	-17.2618371737588
1909.50000000000	-17.2692951172268
1910.50000000000	-17.2771475439437
1911.50000000000	-17.2851803065677
1912.50000000000	-17.2944729019680
1913.50000000000	-17.3043267837246
1914.50000000000	-17.3133099915612
1915.50000000000	-17.3224317297784
1916.50000000000	-17.3320586109750
1917.50000000000	-17.3412789484047
1918.50000000000	-17.3489392864347
1919.50000000000	-17.3553121588227
1920.50000000000	-17.3628407450761
1921.50000000000	-17.3689999935852
1922.50000000000	-17.3749933063034
1923.50000000000	-17.3806475553447
1924.50000000000	-17.3868661366813
1925.50000000000	-17.3900318665604
1926.50000000000	-17.3924697900232
1927.50000000000	-17.3963217329012
1928.50000000000	-17.3989448985319
1929.50000000000	-17.4018084078195
1930.50000000000	-17.4039623487167
1931.50000000000	-17.4074422686247
1932.50000000000	-17.4121053748837
1933.50000000000	-17.4174159843563
1934.50000000000	-17.4239878939319
1935.50000000000	-17.4315591414402
1936.50000000000	-17.4449689337452
1937.50000000000	-17.4577725966127
1938.50000000000	-17.4667715694838
1939.50000000000	-17.4762062794094
1940.50000000000	-17.4847581113787
1941.50000000000	-17.4924152464717
1942.50000000000	-17.4984935378701
1943.50000000000	-17.5021588710895
1944.50000000000	-17.5025455835676
1945.50000000000	-17.5020748346302
1946.50000000000	-17.5021583668761
1947.50000000000	-17.5037716845241
1948.50000000000	-17.5043598142185
1949.50000000000	-17.5062232356588
1950.50000000000	-17.5093955209894
1951.50000000000	-17.5126324457815
1952.50000000000	-17.5181265320338
1953.50000000000	-17.5246151488119
1954.50000000000	-17.5307095820731
1955.50000000000	-17.5360451186268
1956.50000000000	-17.5407578271439
1957.50000000000	-17.5456473247771
1958.50000000000	-17.5515099267617
1959.50000000000	-17.5591696022475
1960.50000000000	-17.5726945605630
1961.50000000000	-17.5838025934119
1962.50000000000	-17.5960440858471
1963.50000000000	-17.6059727063651
1964.50000000000	-17.6171329995221
1965.50000000000	-17.6250050623705
1966.50000000000	-17.6422901558179
1967.50000000000	-17.6520041716001
1968.50000000000	-17.6666731483379
1969.50000000000	-17.6805318649046
1970.50000000000	-17.7050394935807
1971.50000000000	-17.7148641238666
1972.50000000000	-17.7457361207107
1973.50000000000	-17.7859058799119
1974.50000000000	-17.7991030045648
1975.50000000000	-17.8002068312298
1976.50000000000	-17.8113547226659
1977.50000000000	-17.8392793696990
1978.50000000000	-17.8646901545637
1979.50000000000	-17.8889873165767
1980.50000000000	-17.9207362991728
1981.50000000000	-17.9410634389516
1982.50000000000	-17.9498116011057
1983.50000000000	-17.9739582824431
1984.50000000000	-17.9997150433676
1985.50000000000	-18.0210322073004
1986.50000000000	-18.0421232265358
1987.50000000000	-18.0692843854865
1988.50000000000	-18.1052568274257
1989.50000000000	-18.1283394870566
1990.50000000000	-18.1450670071309
1991.50000000000	-18.1631383557672
1992.50000000000	-18.1754533743723
1993.50000000000	-18.1852083222045
1994.50000000000	-18.2037617960593
1995.50000000000	-18.2312916240319
1996.50000000000	-18.2556072125411
1997.50000000000	-18.2726757364116
1998.50000000000	-18.3090948471702
1999.50000000000	-18.3348386909128
2000.50000000000	-18.3519673910785
2001.50000000000	-18.3725704071060
2002.50000000000	-18.4011424136162
2003.50000000000	-18.4348795894739
2004.50000000000	-18.4553588656110
2005.50000000000	-18.4801437824735
2006.50000000000	-18.5070849198256
2007.50000000000	-18.5273520013650
2008.50000000000	-18.5543394440011
2009.50000000000	-18.5736755416475
2010.50000000000	-18.6040308997564
2011.50000000000	-18.6315321497401
2012.50000000000	-18.6569165233933
2013.50000000000	-18.6898167260057
2014.50000000000	-18.7117619026373
2015.50000000000	-18.7404649757030
2016.50000000000	-18.7779573402824
2017.50000000000	-18.8095228338263
2018.50000000000	-18.8445104824081
2019.50000000000	-18.8802065387223
2020.50000000000	-18.9165821070280
2021.50000000000	-18.9536293189656
2022.50000000000	-18.9910866383621
2023.50000000000	-19.0287365282664
2024.50000000000	-19.0665964390257
2025.50000000000	-19.1046611164477
2026.50000000000	-19.1429464984864
2027.50000000000	-19.1814567751339
2028.50000000000	-19.2201744557954
2029.50000000000	-19.2591029972002
2030.50000000000	-19.2982350669642
2031.50000000000	-19.3375631238173
2032.50000000000	-19.3769431534717
2033.50000000000	-19.4162481227877
2034.50000000000	-19.4554805688580
2035.50000000000	-19.4946697739366
2036.50000000000	-19.5338168884867
2037.50000000000	-19.5729308216560
2038.50000000000	-19.6120113101473
2039.50000000000	-19.6510667652949
2040.50000000000	-19.6900873517622
2041.50000000000	-19.7290978586849
2042.50000000000	-19.7680025464349
2043.50000000000	-19.8067701160339
2044.50000000000	-19.8453864657146
2045.50000000000	-19.8838788252328
2046.50000000000	-19.9222337263127
2047.50000000000	-19.9604609843932
2048.50000000000	-19.9985621631931
2049.50000000000	-20.0365465823340
2050.50000000000	-20.0744076830491
2051.50000000000	-20.1121541614804
2052.50000000000	-20.1497425377161
2053.50000000000	-20.1871537957666
2054.50000000000	-20.2243904162309
2055.50000000000	-20.2614624121970
2056.50000000000	-20.2983584515770
2057.50000000000	-20.3350948844163
2058.50000000000	-20.3716739219769
2059.50000000000	-20.4080838225372
2060.50000000000	-20.4443397712798
2061.50000000000	-20.4804304780717
2062.50000000000	-20.5163580104089
2063.50000000000	-20.5521109151382
2064.50000000000	-20.5876854921086
2065.50000000000	-20.6230959711918
2066.50000000000	-20.6583261826203
2067.50000000000	-20.6933834756362
2068.50000000000	-20.7282701272646
2069.50000000000	-20.7629819676714
2070.50000000000	-20.7975201727461
2071.50000000000	-20.8318810808333
2072.50000000000	-20.8660608768439
2073.50000000000	-20.9000556152915
2074.50000000000	-20.9338622089733
2075.50000000000	-20.9674828169819
2076.50000000000	-21.0009138231772
2077.50000000000	-21.0341622819898
2078.50000000000	-21.0672147971190
2079.50000000000	-21.1000781752956
2080.50000000000	-21.1327452878150
2081.50000000000	-21.1652270837158
2082.50000000000	-21.1975395334565
2083.50000000000	-21.2297149836505
2084.50000000000	-21.2617442562498
2085.50000000000	-21.2936265333330
2086.50000000000	-21.3253615047862
2087.50000000000	-21.3569356455589
2088.50000000000	-21.3883530445195
2089.50000000000	-21.4196014219558
2090.50000000000	-21.4506887849471
2091.50000000000	-21.4815993922605
2092.50000000000	-21.5123531910622
2093.50000000000	-21.5429580739391
2094.50000000000	-21.5734056144169
2095.50000000000	-21.6036947999177
2096.50000000000	-21.6338218966771
2097.50000000000	-21.6637829147547
2098.50000000000	-21.6935736360220
2099.50000000000	-21.7231946333973
2100.50000000000	-21.7526385253913
2101.50000000000	-21.7819021607913
2102.50000000000	-21.8107598456276
2103.50000000000	-21.8389932432503
2104.50000000000	-21.8666281057613
2105.50000000000	-21.8936913516932
2106.50000000000	-21.9201995340280
2107.50000000000	-21.9461689449323
2108.50000000000	-21.9716208772978
2109.50000000000	-21.9965695827890
2110.50000000000	-22.0210260518491
2111.50000000000	-22.0450009298420
2112.50000000000	-22.0685103719071
2113.50000000000	-22.0915665649683
2114.50000000000	-22.1141764454775
2115.50000000000	-22.1363513831731
2116.50000000000	-22.1581005089926
2117.50000000000	-22.1794429111698
2118.50000000000	-22.2003756796129
2119.50000000000	-22.2208991415164
2120.50000000000	-22.2410234659154
2121.50000000000	-22.2607851033712
2122.50000000000	-22.2801673051027
2123.50000000000	-22.2992050296207
2124.50000000000	-22.3178568215007
2125.50000000000	-22.3361569967198
2126.50000000000	-22.3541386395116
2127.50000000000	-22.3717612296569
2128.50000000000	-22.3890575650373
2129.50000000000	-22.4060118534380
2130.50000000000	-22.4226785208741
2131.50000000000	-22.4390187939650
2132.50000000000	-22.4550402137774
2133.50000000000	-22.4707728934938
2134.50000000000	-22.4862231440383
2135.50000000000	-22.5013540042123
2136.50000000000	-22.5162159029269
2137.50000000000	-22.5308150553650
2138.50000000000	-22.5451147066242
2139.50000000000	-22.5591635607629
2140.50000000000	-22.5729465586808
2141.50000000000	-22.5864490320411
2142.50000000000	-22.5997175823436
2143.50000000000	-22.6127369817145
2144.50000000000	-22.6255127810608
2145.50000000000	-22.6380301386171
2146.50000000000	-22.6503143721030
2147.50000000000	-22.6623702894750
2148.50000000000	-22.6742023198040
2149.50000000000	-22.6857959596357
2150.50000000000	-22.6971940591374
2151.50000000000	-22.7083440265450
2152.50000000000	-22.7193068152261
2153.50000000000	-22.7300491544368
2154.50000000000	-22.7406116403958
2155.50000000000	-22.7509794912157
2156.50000000000	-22.7611565829015
2157.50000000000	-22.7711640587645
2158.50000000000	-22.7809698119467
2159.50000000000	-22.7905949310618
2160.50000000000	-22.8000428793133
2161.50000000000	-22.8093338901832
2162.50000000000	-22.8184365410089
2163.50000000000	-22.8273710182611
2164.50000000000	-22.8361402225579
2165.50000000000	-22.8447305790736
2166.50000000000	-22.8531779244266
2167.50000000000	-22.8614518349815
2168.50000000000	-22.8695716908357
2169.50000000000	-22.8775397962318
2170.50000000000	-22.8853587907772
2171.50000000000	-22.8930146955458
2172.50000000000	-22.9005261660099
2173.50000000000	-22.9078958333120
2174.50000000000	-22.9151094262687
2175.50000000000	-22.9221854938423
2176.50000000000	-22.9291260870764
2177.50000000000	-22.9359174263497
2178.50000000000	-22.9425773995566
2179.50000000000	-22.9490922902245
2180.50000000000	-22.9554796941455
2181.50000000000	-22.9617412000664
2182.50000000000	-22.9678635578608
2183.50000000000	-22.9738484925894
2184.50000000000	-22.9797130600375
2185.50000000000	-22.9854437180058
2186.50000000000	-22.9910572715248
2187.50000000000	-22.9965552084768
2188.50000000000	-23.0019093393518
2189.50000000000	-23.0071654655247
2190.50000000000	-23.0122811394304
2191.50000000000	-23.0173014963017
2192.50000000000	-23.0221843941650
2193.50000000000	-23.0269602702194
2194.50000000000	-23.0316158060904
2195.50000000000	-23.0361668162188
2196.50000000000	-23.0406000267301
2197.50000000000	-23.0449167038007
2198.50000000000	-23.0491325553090
2199.50000000000	-23.0532340166267
2200.50000000000	-23.0572366207025
2201.50000000000	-23.0611273519372
2202.50000000000	-23.0649072952278
2203.50000000000	-23.0685771593151
2204.50000000000	-23.0721523130424
2205.50000000000	-23.0756194629344
2206.50000000000	-23.0789933208981
2207.50000000000	-23.0822474027822
2208.50000000000	-23.0854100808889
2209.50000000000	-23.0884819242301
2210.50000000000	-23.0914364260467
2211.50000000000	-23.0943018038046
2212.50000000000	-23.0970787177874
2213.50000000000	-23.0997406191843
2214.50000000000	-23.1023154352318
2215.50000000000	-23.1047901351999
2216.50000000000	-23.1071789577133
2217.50000000000	-23.1094554936866
2218.50000000000	-23.1116473160563
2219.50000000000	-23.1137549147983
2220.50000000000	-23.1157519705210
2221.50000000000	-23.1176656567133
2222.50000000000	-23.1194832927665
2223.50000000000	-23.1212185961868
2224.50000000000	-23.1228453300564
2225.50000000000	-23.1243905550843
2226.50000000000	-23.1258412574359
2227.50000000000	-23.1272109837448
2228.50000000000	-23.1284871957373
2229.50000000000	-23.1296698961356
2230.50000000000	-23.1307593875103
2231.50000000000	-23.1317692284624
2232.50000000000	-23.1326863670752
2233.50000000000	-23.1335111969639
2234.50000000000	-23.1342570171136
2235.50000000000	-23.1349107472491
2236.50000000000	-23.1354725526731
2237.50000000000	-23.1359558046084
2238.50000000000	-23.1363475423342
2239.50000000000	-23.1366477040139
2240.50000000000	-23.1368565258352
2241.50000000000	-23.1369869600947
2242.50000000000	-23.1370261345478
2243.50000000000	-23.1369869600947
2244.50000000000	-23.1368565258352
2245.50000000000	-23.1366346410426
2246.50000000000	-23.1363214090282
2247.50000000000	-23.1359296618957
2248.50000000000	-23.1354463983539
2249.50000000000	-23.1348845794334
2250.50000000000	-23.1342308335887
2251.50000000000	-23.1334849955111
2252.50000000000	-23.1326994761725
2253.50000000000	-23.1319265114705
2254.50000000000	-23.1311398682291
2255.50000000000	-23.1303524972633
2256.50000000000	-23.1295778673896
2257.50000000000	-23.1287895289022
2258.50000000000	-23.1279874553270
2259.50000000000	-23.1271979678473
2260.50000000000	-23.1263947248349
2261.50000000000	-23.1256039250213
2262.50000000000	-23.1247995098940
2263.50000000000	-23.1239945016278
2264.50000000000	-23.1231756771847
2265.50000000000	-23.1223694749006
2266.50000000000	-23.1215494341514
2267.50000000000	-23.1207287792723
2268.50000000000	-23.1199075095730
2269.50000000000	-23.1190856230364
2270.50000000000	-23.1182631216214
2271.50000000000	-23.1174267087604
2272.50000000000	-23.1166029628808
2273.50000000000	-23.1157785987036
2274.50000000000	-23.1149402908571
2275.50000000000	-23.1141013431358
2276.50000000000	-23.1132750998388
2277.50000000000	-23.1124348803640
2278.50000000000	-23.1115940201592
2279.50000000000	-23.1107525158188
2280.50000000000	-23.1099237536625
2281.50000000000	-23.1090809717486
2282.50000000000	-23.1082375448295
2283.50000000000	-23.1073934721645
2284.50000000000	-23.1065487530116
2285.50000000000	-23.1057033866280
2286.50000000000	-23.1048708194607
2287.50000000000	-23.1040241666951
2288.50000000000	-23.1031768644746
2289.50000000000	-23.1023423900539
2290.50000000000	-23.1014937970286
2291.50000000000	-23.1006445523143
2292.50000000000	-23.0998081640789
2293.50000000000	-23.0989576241166
2294.50000000000	-23.0981199597551
2295.50000000000	-23.0972681215793
2296.50000000000	-23.0964291781689
2297.50000000000	-23.0955760388052
2298.50000000000	-23.0947358134140
2299.50000000000	-23.0938949510751
2300.50000000000	-23.0930534510639
2301.50000000000	-23.0921977108438
2302.50000000000	-23.0913549229851
2303.50000000000	-23.0905114952621
2304.50000000000	-23.0896674269457
2305.50000000000	-23.0888227173060
2306.50000000000	-23.0879773656117
2307.50000000000	-23.0871313697655
2308.50000000000	-23.0862984060952
2309.50000000000	-23.0854511342454
2310.50000000000	-23.0846032174169
2311.50000000000	-23.0837681918878
2312.50000000000	-23.0829189932055
2313.50000000000	-23.0820828734959
2314.50000000000	-23.0812323901792
2315.50000000000	-23.0803950037688
2316.50000000000	-23.0795569901501
2317.50000000000	-23.0787045796596
2318.50000000000	-23.0778652964102
2319.50000000000	-23.0770253810638
2320.50000000000	-23.0761848356630
2321.50000000000	-23.0753436581191
2322.50000000000	-23.0745016779086
2323.50000000000	-23.0736592338095
2324.50000000000	-23.0728161540410
2325.50000000000	-23.0719862913184
2326.50000000000	-23.0711419526455
2327.50000000000	-23.0702969761590
2328.50000000000	-23.0694652457549
2329.50000000000	-23.0686188354063
2330.50000000000	-23.0677858596879
2331.50000000000	-23.0669383511403
2332.50000000000	-23.0661041274346
2333.50000000000	-23.0652692824657
2334.50000000000	-23.0644198741508
2335.50000000000	-23.0635836069144
2336.50000000000	-23.0627468876665
2337.50000000000	-23.0619095471588
2338.50000000000	-23.0610715819050
2339.50000000000	-23.0602329940019
2340.50000000000	-23.0594076158244
2341.50000000000	-23.0585677866494
2342.50000000000	-23.0577273327446
2343.50000000000	-23.0568862506078
2344.50000000000	-23.0560584179577
2345.50000000000	-23.0552160918160
2346.50000000000	-23.0543872043923
2347.50000000000	-23.0535436287976
2348.50000000000	-23.0527133410589
2349.50000000000	-23.0518826147772
2350.50000000000	-23.0510512790910
2351.50000000000	-23.0502052094910
2352.50000000000	-23.0493724661208
2353.50000000000	-23.0485392820057
2354.50000000000	-23.0477054857770
2355.50000000000	-23.0468710739302
2356.50000000000	-23.0460500475579
2357.50000000000	-23.0452144155855
2358.50000000000	-23.0443781673796
2359.50000000000	-23.0435553334454
2360.50000000000	-23.0427178610823
2361.50000000000	-23.0418797704483
2362.50000000000	-23.0410551229764
2363.50000000000	-23.0402300500967
2364.50000000000	-23.0393901214698
2365.50000000000	-23.0385636648236
2366.50000000000	-23.0377367811779
2367.50000000000	-23.0369092961229
2368.50000000000	-23.0360810347418
2369.50000000000	-23.0352523447714
2370.50000000000	-23.0344230514195
2371.50000000000	-23.0335929793855
2372.50000000000	-23.0327624771649
2373.50000000000	-23.0319311932524
2374.50000000000	-23.0311138399811
2375.50000000000	-23.0302815300351
2376.50000000000	-23.0294484374718
2377.50000000000	-23.0286293038033
2378.50000000000	-23.0277951802242
2379.50000000000	-23.0269746828247
2380.50000000000	-23.0261537732865
2381.50000000000	-23.0253320980957
2382.50000000000	-23.0244955646115
2383.50000000000	-23.0236726958146
2384.50000000000	-23.0228494128343
2385.50000000000	-23.0220255375510
2386.50000000000	-23.0212008913326
2387.50000000000	-23.0203758293956
2388.50000000000	-23.0195645011727
2389.50000000000	-23.0187382604698
2390.50000000000	-23.0179112472160
2391.50000000000	-23.0170983506914
2392.50000000000	-23.0162701546127
2393.50000000000	-23.0154560950375
2394.50000000000	-23.0146267135944
2395.50000000000	-23.0138114884708
2396.50000000000	-23.0129955085160
2397.50000000000	-23.0121791256971
2398.50000000000	-23.0113473764348
2399.50000000000	-23.0105298230727
2400.50000000000	-23.0097115118950
2401.50000000000	-23.0088927958728
2402.50000000000	-23.0080879707999
2403.50000000000	-23.0072681015239
2404.50000000000	-23.0064474685289
2405.50000000000	-23.0056264316463
2406.50000000000	-23.0048193228434
2407.50000000000	-23.0039969456524
2408.50000000000	-23.0031888771597
2409.50000000000	-23.0023653376210
2410.50000000000	-23.0015561251288
2411.50000000000	-23.0007461659773
2412.50000000000	-22.9999210648017
2413.50000000000	-22.9991099592375
2414.50000000000	-22.9982982846705
2415.50000000000	-22.9974862221968
2416.50000000000	-22.9966734079542
2417.50000000000	-22.9958602033804
2418.50000000000	-22.9950610648527
2419.50000000000	-22.9942465469407
2420.50000000000	-22.9934316372801
2421.50000000000	-22.9926159736955
2422.50000000000	-22.9918145956311
2423.50000000000	-22.9909979770008
2424.50000000000	-22.9901954808394
2425.50000000000	-22.9893926113131
2426.50000000000	-22.9885741043619
2427.50000000000	-22.9877699317536
2428.50000000000	-22.9869653844198
2429.50000000000	-22.9861600981906
2430.50000000000	-22.9853542542203
2431.50000000000	-22.9845480341663
2432.50000000000	-22.9837410731002
2433.50000000000	-22.9829335510561
2434.50000000000	-22.9821254704423
2435.50000000000	-22.9813320057558
2436.50000000000	-22.9805228137989
2437.50000000000	-22.9797130600375
2438.50000000000	-22.9789179519006
2439.50000000000	-22.9781070833415
2440.50000000000	-22.9773106953181
2441.50000000000	-22.9765137653875
2442.50000000000	-22.9757014089786
2443.50000000000	-22.9749033803958
2444.50000000000	-22.9741048067220
2445.50000000000	-22.9733056858902
2446.50000000000	-22.9725062044832
2447.50000000000	-22.9717059923059
2448.50000000000	-22.9709052312870
2449.50000000000	-22.9701039238864
2450.50000000000	-22.9693174014013
2451.50000000000	-22.9685150055143
2452.50000000000	-22.9677120615696
2453.50000000000	-22.9669237471850
2454.50000000000	-22.9661197112913
2455.50000000000	-22.9653305112354
2456.50000000000	-22.9645405933598
2457.50000000000	-22.9637349245103
2458.50000000000	-22.9629439324368
2459.50000000000	-22.9621524090951
2460.50000000000	-22.9613603509024
2461.50000000000	-22.9605679463757
2462.50000000000	-22.9597748200326
2463.50000000000	-22.9589811602671
2464.50000000000	-22.9581869634855
2465.50000000000	-22.9574075352816
2466.50000000000	-22.9566122762269
2467.50000000000	-22.9558166683564
2468.50000000000	-22.9550356685799
2469.50000000000	-22.9542388070583
2470.50000000000	-22.9534567627908
2471.50000000000	-22.9526588336434
2472.50000000000	-22.9518757397151
2473.50000000000	-22.9510921260357
2474.50000000000	-22.9503079936255
2475.50000000000	-22.9495079332064
2476.50000000000	-22.9487227469293
2477.50000000000	-22.9479372283697
2478.50000000000	-22.9471664344501
2479.50000000000	-22.9463796914970
2480.50000000000	-22.9455924251550
2481.50000000000	-22.9448046349018
2482.50000000000	-22.9440163217603
2483.50000000000	-22.9432429697772
2484.50000000000	-22.9424536149682
2485.50000000000	-22.9416792422681
2486.50000000000	-22.9408888452768
2487.50000000000	-22.9401134498377
2488.50000000000	-22.9393375473473
2489.50000000000	-22.9385455883932
2490.50000000000	-22.9377686601305
2491.50000000000	-22.9369912233119
2492.50000000000	-22.9362132774379
2493.50000000000	-22.9354348220083
2494.50000000000	-22.9346558565223
2495.50000000000	-22.9338763804786
2496.50000000000	-22.9331120137333
2497.50000000000	-22.9323315253133
2498.50000000000	-22.9315505248372
2499.50000000000	-22.9307846627233
2500.50000000000	-22.9303937189744